name: lagadas_extra_small
bounding_box:
  xlow: 23.06412
  xhigh: 23.06702
  ylow: 40.75029
  yhigh: 40.74875